<<<<<<< HEAD
750.39 1 3 4.72e+07 1.85e+10 7.31e-11 0.05524 36995012.412 0.78379 
667.73 1 3 2.36e+05 1.85e+10 2.58e-13 0.00019 235776.237 0.99905 
826.45 3 3 1.52e+07 1.85e+10 9.44e-11 0.07130 11209301.758 0.73745 
772.42 3 1 1.17e+07 6.05e+09 1.78e-10 0.04396 9593844.382 0.81999 
727.29 3 3 1.83e+06 1.85e+10 7.75e-12 0.00585 1778045.690 0.97161 
696.54 3 5 6.39e+06 3.93e+10 1.43e-11 0.02287 5734940.238 0.89749 
840.82 5 3 2.23e+07 1.85e+10 2.43e-10 0.18359 11637665.681 0.52187 
738.40 5 3 8.47e+06 1.85e+10 6.25e-11 0.04723 6853537.155 0.80915 
706.72 5 5 3.80e+06 3.93e+10 1.48e-11 0.02368 3398113.281 0.89424 
852.14 3 3 1.39e+07 1.85e+10 9.46e-11 0.07147 10244201.037 0.73699 
794.82 3 1 1.86e+07 6.05e+09 3.08e-10 0.07614 13476555.133 0.72455 
747.12 3 3 2.62e+04 1.85e+10 1.20e-13 0.00009 26188.227 0.99955 
714.70 3 5 6.30e+05 3.93e+10 1.52e-12 0.00244 622414.232 0.98796 
857.81 1 3 1.00e+03 1.85e+10 2.32e-15 0.00000 1000.000 1.00000 
751.47 1 3 4.02e+07 1.85e+10 6.26e-11 0.04725 32525376.039 0.80909 
922.45 5 3 5.02e+06 1.85e+10 7.23e-11 0.05457 3944981.357 0.78585 
800.62 5 3 4.90e+06 1.85e+10 4.61e-11 0.03483 4173958.405 0.85183 
763.51 5 5 2.45e+07 3.93e+10 1.20e-10 0.19250 12496086.576 0.51004 
935.42 3 3 1.06e+06 1.85e+10 9.55e-12 0.00721 1023153.528 0.96524 
866.79 3 1 2.43e+06 6.05e+09 5.22e-11 0.01290 2282909.093 0.93947 
810.37 3 3 3.31e+07 1.85e+10 1.94e-10 0.14638 19125940.890 0.57782 
772.38 3 5 5.18e+06 3.93e+10 1.58e-11 0.02528 4599302.833 0.88790 
=======
750.39 1 3 4.72e+07 2.32e+10 7.31e-11 0.06928 35068588.271 0.74298 
667.73 1 3 2.36e+05 2.32e+10 2.58e-13 0.00024 235717.422 0.99880 
826.45 3 3 1.52e+07 2.32e+10 9.44e-11 0.08941 10508823.912 0.69137 
772.42 3 1 1.17e+07 9.58e+09 1.78e-10 0.06961 8682223.565 0.74207 
727.29 3 3 1.83e+06 2.32e+10 7.75e-12 0.00734 1765281.335 0.96463 
696.54 3 5 6.39e+06 6.23e+10 1.43e-11 0.03626 5410275.461 0.84668 
840.82 5 3 2.23e+07 2.32e+10 2.43e-10 0.23024 10378234.004 0.46539 
738.40 5 3 8.47e+06 2.32e+10 6.25e-11 0.05923 6536672.468 0.77174 
706.72 5 5 3.80e+06 6.23e+10 1.48e-11 0.03754 3200061.626 0.84212 
852.14 3 3 1.39e+07 2.32e+10 9.46e-11 0.08963 9602753.782 0.69085 
794.82 3 1 1.86e+07 9.58e+09 3.08e-10 0.12057 11611323.350 0.62426 
747.12 3 3 2.62e+04 2.32e+10 1.20e-13 0.00011 26185.612 0.99945 
714.70 3 5 6.30e+05 6.23e+10 1.52e-12 0.00386 618083.154 0.98108 
857.81 1 3 1.00e+03 2.32e+10 2.32e-15 0.00000 1000.000 1.00000 
751.47 1 3 4.02e+07 2.32e+10 6.26e-11 0.05926 31020527.266 0.77165 
922.45 5 3 5.02e+06 2.32e+10 7.23e-11 0.06844 3741407.801 0.74530 
800.62 5 3 4.90e+06 2.32e+10 4.61e-11 0.04368 4022545.997 0.82093 
763.51 5 5 2.45e+07 6.23e+10 1.20e-10 0.30516 9714685.880 0.39652 
935.42 3 3 1.06e+06 2.32e+10 9.55e-12 0.00904 1014205.808 0.95680 
866.79 3 1 2.43e+06 9.58e+09 5.22e-11 0.02043 2205006.770 0.90741 
810.37 3 3 3.31e+07 2.32e+10 1.94e-10 0.18357 17274743.539 0.52190 
772.38 3 5 5.18e+06 6.23e+10 1.58e-11 0.04008 4316092.942 0.83322 
>>>>>>> dd264ba22bbf96dfd1f31c3bd0a21c03a9f97641
