750.39 1 3 4.72e+07 1.20e+10 2.31e-09 1.13315 
667.73 1 3 2.36e+05 1.20e+10 8.15e-12 0.00399 
826.45 3 3 1.52e+07 1.20e+10 2.99e-09 1.46251 
772.42 3 1 1.17e+07 6.00e+09 5.63e-09 1.37862 
727.29 3 3 1.83e+06 1.20e+10 2.45e-10 0.12000 
696.54 3 5 6.39e+06 3.90e+10 4.51e-10 0.71776 
840.82 5 3 2.23e+07 1.20e+10 7.69e-09 3.76590 
738.40 5 3 8.47e+06 1.20e+10 1.98e-09 0.96875 
706.72 5 5 3.80e+06 3.90e+10 4.67e-10 0.74305 
852.14 3 3 1.39e+07 1.20e+10 2.99e-09 1.46607 
794.82 3 1 1.86e+07 6.00e+09 9.75e-09 2.38790 
747.12 3 3 2.62e+04 1.20e+10 3.80e-12 0.00186 
714.70 3 5 6.30e+05 3.90e+10 4.80e-11 0.07645 
857.81 1 3 1.00e+03 1.20e+10 7.32e-14 0.00004 
751.47 1 3 4.02e+07 1.20e+10 1.98e-09 0.96927 
922.45 5 3 5.02e+06 1.20e+10 2.28e-09 1.11940 
800.62 5 3 4.90e+06 1.20e+10 1.46e-09 0.71438 
763.51 5 5 2.45e+07 3.90e+10 3.79e-09 6.04088 
935.42 3 3 1.06e+06 1.20e+10 3.02e-10 0.14789 
866.79 3 1 2.43e+06 6.00e+09 1.65e-09 0.40462 
810.37 3 3 3.31e+07 1.20e+10 6.13e-09 3.00251 
772.38 3 5 5.18e+06 3.90e+10 4.98e-10 0.79335 
