3.50 84.319 0.394 2.315 0.958 5.541 0.475 30.513 0.493
8.00 43.443 0.394 1.177 0.958 2.604 0.475 14.513 0.493
3.50 84.319 0.394 2.315 0.958 5.541 0.475 30.513 0.493
8.00 43.443 0.394 1.177 0.958 2.604 0.475 14.513 0.493
3.50 84.319 0.394 2.315 0.958 5.541 0.475 30.513 0.493
8.00 43.443 0.394 1.177 0.958 2.604 0.475 14.513 0.493
3.50 84.319 0.394 2.315 0.958 5.541 0.475 30.513 0.493
8.00 43.443 0.394 1.177 0.958 2.604 0.475 14.513 0.493
3.50 84.319 0.394 2.315 0.958 5.541 0.475 30.513 0.493
8.00 43.443 0.394 1.177 0.958 2.604 0.475 14.513 0.493
3.50 84.319 0.394 2.315 0.958 5.541 0.475 30.513 0.493
8.00 43.443 0.394 1.177 0.958 2.604 0.475 14.513 0.493
3.50 9.742 0.394 2.312 0.958 1.428 0.475 0.570 0.493
8.00 5.019 0.394 1.175 0.958 0.671 0.475 0.271 0.493
3.50 0.843 0.394 2.119 0.958 0.123 0.475 0.618 0.493
8.00 0.434 0.394 1.077 0.958 0.058 0.475 0.294 0.493
3.50 0.843 0.394 2.119 0.958 0.123 0.475 0.618 0.493
8.00 0.434 0.394 1.077 0.958 0.058 0.475 0.294 0.493
