1.000
1.011
1.022
1.033
1.044
1.055
1.066
1.077
1.088
1.099
1.110
1.121
1.132
1.143
1.154
1.165
1.176
1.187
1.198
1.209
1.220
1.231
1.242
1.253
1.264
1.275
1.286
1.297
1.308
1.319
1.330
1.341
1.352
1.363
1.374
1.385
1.396
1.407
1.418
1.429
1.440
1.451
1.462
1.473
1.484
1.495
1.506
1.517
1.528
1.539
1.550
1.561
1.572
1.583
1.594
1.605
1.616
1.627
1.638
1.649
1.660
1.671
1.682
1.693
1.704
1.715
1.726
1.737
1.748
1.759
1.770
1.781
1.792
1.803
1.814
1.825
1.836
1.847
1.858
1.869
1.880
1.891
1.902
1.913
1.924
1.935
1.946
1.957
1.968
1.979
1.990
2.001
2.012
2.023
2.034
2.045
2.056
2.067
2.078
2.089
2.100
2.111
2.122
2.133
2.144
2.155
2.166
2.177
2.188
2.199
2.210
2.221
2.232
2.243
2.254
2.265
2.276
2.287
2.298
2.309
2.320
2.331
2.342
2.353
2.364
2.375
2.386
2.397
2.408
2.419
2.430
2.441
2.452
2.463
2.474
2.485
2.496
2.507
2.518
2.529
2.540
2.551
2.562
2.573
2.584
2.595
2.606
2.617
2.628
2.639
2.650
2.661
2.672
2.683
2.694
2.705
2.716
2.727
2.738
2.749
2.760
2.771
2.782
2.793
2.804
2.815
2.826
2.837
2.848
2.859
2.870
2.881
2.892
2.903
2.914
2.925
2.936
2.947
2.958
2.969
2.980
2.991
3.002
3.013
3.024
3.035
3.046
3.057
3.068
3.079
3.090
3.101
3.112
3.123
3.134
3.145
3.156
3.167
3.178
3.189
3.200
3.211
3.222
3.233
3.244
3.255
3.266
3.277
3.288
3.299
3.310
3.321
3.332
3.343
3.354
3.365
3.376
3.387
3.398
3.409
3.420
3.431
3.442
3.453
3.464
3.475
3.486
3.497
3.508
3.519
3.530
3.541
3.552
3.563
3.574
3.585
3.596
3.607
3.618
3.629
3.640
3.651
3.662
3.673
3.684
3.695
3.706
3.717
3.728
3.739
3.750
3.761
3.772
3.783
3.794
3.805
3.816
3.827
3.838
3.849
3.860
3.871
3.882
3.893
3.904
3.915
3.926
3.937
3.948
3.959
3.970
3.981
3.992
4.003
4.014
4.025
4.036
4.047
4.058
4.069
4.080
4.091
4.102
4.113
4.124
4.135
4.146
4.157
4.168
4.179
4.190
4.201
4.212
4.223
4.234
4.245
4.256
4.267
4.278
4.289
4.300
4.311
4.322
4.333
4.344
4.355
4.366
4.377
4.388
4.399
4.410
4.421
4.432
4.443
4.454
4.465
4.476
4.487
4.498
4.509
4.520
4.531
4.542
4.553
4.564
4.575
4.586
4.597
4.608
4.619
4.630
4.641
4.652
4.663
4.674
4.685
4.696
4.707
4.718
4.729
4.740
4.751
4.762
4.773
4.784
4.795
4.806
4.817
4.828
4.839
4.850
4.861
4.872
4.883
4.894
4.905
4.916
4.927
4.938
4.949
4.960
4.971
4.982
4.993
5.004
5.015
5.026
5.037
5.048
5.059
5.070
5.081
5.092
5.103
5.114
5.125
5.136
5.147
5.158
5.169
5.180
5.191
5.202
5.213
5.224
5.235
5.246
5.257
5.268
5.279
5.290
5.301
5.312
5.323
5.334
5.345
5.356
5.367
5.378
5.389
5.400
5.411
5.422
5.433
5.444
5.455
5.466
5.477
5.488
5.499
5.510
5.521
5.532
5.543
5.554
5.565
5.576
5.587
5.598
5.609
5.620
5.631
5.642
5.653
5.664
5.675
5.686
5.697
5.708
5.719
5.730
5.741
5.752
5.763
5.774
5.785
5.796
5.807
5.818
5.829
5.840
5.851
5.862
5.873
5.884
5.895
5.906
5.917
5.928
5.939
5.950
5.961
5.972
5.983
5.994
6.005
6.016
6.027
6.038
6.049
6.060
6.071
6.082
6.093
6.104
6.115
6.126
6.137
6.148
6.159
6.170
6.181
6.192
6.203
6.214
6.225
6.236
6.247
6.258
6.269
6.280
6.291
6.302
6.313
6.324
6.335
6.346
6.357
6.368
6.379
6.390
6.401
6.412
6.423
6.434
6.445
6.456
6.467
6.478
6.489
6.500
6.511
6.522
6.533
6.544
6.555
6.566
6.577
6.588
6.599
6.610
6.621
6.632
6.643
6.654
6.665
6.676
6.687
6.698
6.709
6.720
6.731
6.742
6.753
6.764
6.775
6.786
6.797
6.808
6.819
6.830
6.841
6.852
6.863
6.874
6.885
6.896
6.907
6.918
6.929
6.940
6.951
6.962
6.973
6.984
6.995
7.006
7.017
7.028
7.039
7.050
7.061
7.072
7.083
7.094
7.105
7.116
7.127
7.138
7.149
7.160
7.171
7.182
7.193
7.204
7.215
7.226
7.237
7.248
7.259
7.270
7.281
7.292
7.303
7.314
7.325
7.336
7.347
7.358
7.369
7.380
7.391
7.402
7.413
7.424
7.435
7.446
7.457
7.468
7.479
7.490
7.501
7.512
7.523
7.534
7.545
7.556
7.567
7.578
7.589
7.600
7.611
7.622
7.633
7.644
7.655
7.666
7.677
7.688
7.699
7.710
7.721
7.732
7.743
7.754
7.765
7.776
7.787
7.798
7.809
7.820
7.831
7.842
7.853
7.864
7.875
7.886
7.897
7.908
7.919
7.930
7.941
7.952
7.963
7.974
7.985
7.996
8.007
8.018
8.029
8.040
8.051
8.062
8.073
8.084
8.095
8.106
8.117
8.128
8.139
8.150
8.161
8.172
8.183
8.194
8.205
8.216
8.227
8.238
8.249
8.260
8.271
8.282
8.293
8.304
8.315
8.326
8.337
8.348
8.359
8.370
8.381
8.392
8.403
8.414
8.425
8.436
8.447
8.458
8.469
8.480
8.491
8.502
8.513
8.524
8.535
8.546
8.557
8.568
8.579
8.590
8.601
8.612
8.623
8.634
8.645
8.656
8.667
8.678
8.689
8.700
8.711
8.722
8.733
8.744
8.755
8.766
8.777
8.788
8.799
8.810
8.821
8.832
8.843
8.854
8.865
8.876
8.887
8.898
8.909
8.920
8.931
8.942
8.953
8.964
8.975
8.986
8.997
9.008
9.019
9.030
9.041
9.052
9.063
9.074
9.085
9.096
9.107
9.118
9.129
9.140
9.151
9.162
9.173
9.184
9.195
9.206
9.217
9.228
9.239
9.250
9.261
9.272
9.283
9.294
9.305
9.316
9.327
9.338
9.349
9.360
9.371
9.382
9.393
9.404
9.415
9.426
9.437
9.448
9.459
9.470
9.481
9.492
9.503
9.514
9.525
9.536
9.547
9.558
9.569
9.580
9.591
9.602
9.613
9.624
9.635
9.646
9.657
9.668
9.679
9.690
9.701
9.712
9.723
9.734
9.745
9.756
9.767
9.778
9.789
9.800
9.811
9.822
9.833
9.844
9.855
9.866
9.877
9.888
9.899
9.910
9.921
9.932
9.943
9.954
9.965
9.976
9.987
9.998
10.009
10.020
10.031
10.042
10.053
10.064
10.075
10.086
10.097
10.108
10.119
10.130
10.141
10.152
10.163
10.174
10.185
10.196
10.207
10.218
10.229
10.240
10.251
10.262
10.273
10.284
10.295
10.306
10.317
10.328
10.339
10.350
10.361
10.372
10.383
10.394
10.405
10.416
10.427
10.438
10.449
10.460
10.471
10.482
10.493
10.504
10.515
10.526
10.537
10.548
10.559
10.570
10.581
10.592
10.603
10.614
10.625
10.636
10.647
10.658
10.669
10.680
10.691
10.702
10.713
10.724
10.735
10.746
10.757
10.768
10.779
10.790
10.801
10.812
10.823
10.834
10.845
10.856
10.867
10.878
10.889
10.900
10.911
10.922
10.933
10.944
10.955
10.966
10.977
10.988
10.999
11.010
11.021
11.032
11.043
11.054
11.065
11.076
11.087
11.098
11.109
11.120
11.131
11.142
11.153
11.164
11.175
11.186
11.197
11.208
11.219
11.230
11.241
11.252
11.263
11.274
11.285
11.296
11.307
11.318
11.329
11.340
11.351
11.362
11.373
11.384
11.395
11.406
11.417
11.428
11.439
11.450
11.461
11.472
11.483
11.494
11.505
11.516
11.527
11.538
11.549
11.560
11.571
11.582
11.593
11.604
11.615
11.626
11.637
11.648
11.659
11.670
11.681
11.692
11.703
11.714
11.725
11.736
11.747
11.758
11.769
11.780
11.791
11.802
11.813
11.824
11.835
11.846
11.857
11.868
11.879
11.890
11.901
11.912
11.923
11.934
11.945
11.956
11.967
11.978
11.989
